0.0000 1.0000 1.0000
0.2500 1.0000 1.0000
0.3889 1.0000 1.0000
0.4792 1.0000 1.0000
0.5433 1.0000 1.0000
0.5361 1.0000 0.8333
0.5071 0.9524 0.7143
0.5479 0.9583 0.7500
0.5823 0.9630 0.7778
0.6115 0.9667 0.8000
0.6368 0.9697 0.8182
0.6587 0.9722 0.8333
0.6780 0.9744 0.8462
0.6652 0.9583 0.7857
0.6209 0.9611 0.7333
0.6394 0.9635 0.7500
0.6253 0.9422 0.7059
0.6183 0.9269 0.7222
0.6121 0.9307 0.7368
0.6101 0.9199 0.7500
0.6250 0.9237 0.7619
0.6388 0.9272 0.7727
0.6382 0.9195 0.7826
0.6394 0.9136 0.7917
0.6511 0.9170 0.8000
0.6517 0.9202 0.7692
0.6623 0.9232 0.7778
0.6723 0.9259 0.7857
0.6817 0.9285 0.7931
0.6905 0.9308 0.8000
0.6989 0.9331 0.8065
0.7068 0.9352 0.8125
0.7143 0.9371 0.8182
0.7139 0.9331 0.8235
0.7208 0.9350 0.8286
0.7274 0.9368 0.8333
0.7337 0.9385 0.8378
0.7335 0.9354 0.8421
0.7394 0.9370 0.8462
0.7396 0.9344 0.8500
0.7451 0.9360 0.8537
0.7457 0.9339 0.8571
0.7508 0.9354 0.8605
0.7515 0.9336 0.8409
0.7563 0.9351 0.8444
0.7609 0.9365 0.8478
0.7603 0.9336 0.8298
0.7646 0.9350 0.8333
0.7592 0.9312 0.8367
0.7634 0.9326 0.8400
0.7674 0.9339 0.8431
0.7659 0.9304 0.8462
0.7698 0.9317 0.8491
0.7735 0.9330 0.8519
0.7723 0.9299 0.8545
0.7758 0.9312 0.8571
0.7793 0.9324 0.8596
0.7827 0.9335 0.8621
0.7816 0.9309 0.8644
0.7848 0.9320 0.8500
0.7876 0.9327 0.8525
0.7867 0.9304 0.8548
0.7893 0.9312 0.8571
0.7919 0.9319 0.8594
0.7944 0.9325 0.8615
0.7968 0.9332 0.8636
0.7992 0.9339 0.8657
0.8015 0.9345 0.8676
0.8037 0.9352 0.8696
0.8060 0.9358 0.8714
0.7946 0.9367 0.8592
0.7969 0.9373 0.8611
0.7991 0.9379 0.8630
0.8013 0.9385 0.8649
0.8034 0.9390 0.8667
0.8055 0.9396 0.8684
0.8076 0.9401 0.8701
0.8096 0.9407 0.8718
0.8115 0.9412 0.8734
0.8135 0.9417 0.8750
0.8096 0.9424 0.8765
0.8070 0.9407 0.8780
0.8089 0.9412 0.8795
0.8082 0.9395 0.8690
0.8101 0.9400 0.8706
0.8119 0.9405 0.8605
0.8135 0.9408 0.8621
0.8118 0.9396 0.8636
0.8134 0.9399 0.8652
0.8123 0.9380 0.8556
0.8109 0.9356 0.8571
0.8124 0.9360 0.8478
0.8138 0.9362 0.8495
0.8125 0.9341 0.8511
0.8138 0.9343 0.8526
0.8127 0.9324 0.8542
0.8118 0.9306 0.8454
0.8131 0.9308 0.8469
0.8144 0.9311 0.8485
0.8140 0.9307 0.8500
0.8139 0.9304 0.8515
0.8139 0.9302 0.8529
0.8153 0.9308 0.8544
0.8167 0.9315 0.8558
0.8089 0.9321 0.8476
0.8104 0.9328 0.8396
0.8114 0.9331 0.8411
0.8086 0.9314 0.8333
0.8088 0.9312 0.8349
0.8099 0.9315 0.8364
0.8110 0.9318 0.8378
0.8121 0.9322 0.8393
0.8131 0.9325 0.8407
0.8134 0.9324 0.8421
0.8138 0.9324 0.8435
0.8149 0.9327 0.8448
0.8159 0.9330 0.8462
0.8170 0.9333 0.8475
0.8174 0.9333 0.8487
0.8179 0.9333 0.8500
0.8189 0.9337 0.8512
0.8155 0.9309 0.8525
0.8166 0.9313 0.8537
0.8176 0.9316 0.8548
0.8186 0.9319 0.8560
0.8197 0.9323 0.8571
0.8202 0.9323 0.8504
0.8212 0.9327 0.8516
0.8222 0.9330 0.8527
0.8232 0.9333 0.8538
0.8242 0.9337 0.8550
0.8252 0.9340 0.8561
0.8252 0.9337 0.8571
0.8262 0.9340 0.8582
0.8272 0.9343 0.8593
0.8273 0.9340 0.8529
0.8282 0.9343 0.8540
0.8280 0.9337 0.8551
0.8290 0.9341 0.8561
0.8288 0.9335 0.8571
0.8287 0.9330 0.8511
0.8297 0.9333 0.8521
0.8306 0.9337 0.8531
0.8315 0.9340 0.8542
0.8311 0.9333 0.8552
0.8320 0.9336 0.8562
0.8329 0.9339 0.8571
0.8338 0.9342 0.8581
0.8335 0.9335 0.8523
0.8313 0.9318 0.8533
0.8308 0.9309 0.8543
0.8317 0.9312 0.8553
0.8326 0.9316 0.8562
0.8334 0.9319 0.8571
0.8343 0.9322 0.8581
0.8351 0.9325 0.8590
0.8360 0.9329 0.8599
0.8368 0.9332 0.8608
0.8364 0.9324 0.8616
0.8372 0.9327 0.8625
0.8351 0.9331 0.8571
0.8347 0.9324 0.8580
0.8356 0.9327 0.8589
0.8364 0.9330 0.8598
0.8372 0.9334 0.8606
0.8380 0.9337 0.8614
0.8388 0.9340 0.8623
0.8395 0.9343 0.8631
0.8392 0.9336 0.8639
0.8400 0.9339 0.8647
0.8408 0.9342 0.8655
0.8405 0.9336 0.8663
0.8403 0.9330 0.8613
0.8410 0.9333 0.8621
0.8418 0.9336 0.8629
0.8414 0.9329 0.8636
0.8421 0.9332 0.8644
0.8429 0.9335 0.8652
0.8425 0.9328 0.8603
0.8432 0.9331 0.8611
0.8428 0.9323 0.8564
0.8422 0.9314 0.8571
0.8416 0.9305 0.8579
0.8411 0.9297 0.8587
0.8419 0.9300 0.8595
0.8426 0.9303 0.8602
0.8421 0.9295 0.8610
0.8417 0.9288 0.8617
0.8424 0.9291 0.8624
0.8431 0.9294 0.8632
0.8438 0.9297 0.8639
0.8445 0.9300 0.8646
0.8451 0.9303 0.8653
0.8458 0.9306 0.8660
0.8454 0.9299 0.8667
0.8461 0.9302 0.8673
0.8457 0.9295 0.8680
0.8443 0.9285 0.8636
0.8440 0.9278 0.8593
0.8435 0.9272 0.8600
0.8441 0.9274 0.8607
0.8447 0.9277 0.8614
0.8452 0.9280 0.8621
0.8458 0.9282 0.8627
0.8436 0.9266 0.8634
0.8442 0.9269 0.8641
0.8447 0.9271 0.8647
0.8453 0.9274 0.8654
0.8458 0.9276 0.8660
0.8464 0.9279 0.8667
0.8460 0.9273 0.8673
0.8456 0.9268 0.8679
0.8462 0.9271 0.8638
0.8467 0.9272 0.8645
0.8471 0.9274 0.8651
0.8468 0.9269 0.8611
0.8473 0.9271 0.8618
0.8477 0.9273 0.8624
0.8482 0.9275 0.8630
0.8487 0.9276 0.8636
0.8491 0.9278 0.8643
0.8496 0.9280 0.8649
0.8501 0.9282 0.8655
0.8485 0.9270 0.8661
0.8490 0.9272 0.8667
0.8494 0.9274 0.8673
0.8499 0.9276 0.8678
0.8504 0.9278 0.8684
0.8499 0.9272 0.8690
0.8495 0.9266 0.8696
0.8492 0.9261 0.8701
0.8489 0.9256 0.8707
0.8493 0.9258 0.8712
0.8498 0.9260 0.8718
0.8502 0.9262 0.8723
0.8500 0.9258 0.8686
0.8496 0.9252 0.8650
0.8491 0.9245 0.8655
0.8495 0.9247 0.8661
0.8491 0.9241 0.8667
0.8496 0.9243 0.8672
0.8500 0.9245 0.8678
0.8496 0.9239 0.8642
0.8500 0.9241 0.8648
0.8505 0.9243 0.8653
0.8509 0.9245 0.8659
0.8514 0.9247 0.8664
0.8518 0.9249 0.8669
0.8504 0.9252 0.8635
0.8499 0.9245 0.8640
0.8504 0.9247 0.8645
0.8508 0.9249 0.8651
0.8513 0.9251 0.8656
0.8517 0.9253 0.8661
0.8512 0.9247 0.8667
0.8517 0.9249 0.8672
0.8513 0.9243 0.8677
0.8517 0.9245 0.8682
0.8521 0.9247 0.8687
0.8517 0.9242 0.8654
0.8522 0.9244 0.8659
0.8517 0.9237 0.8626
0.8512 0.9230 0.8593
0.8506 0.9222 0.8561
0.8510 0.9224 0.8528
0.8514 0.9226 0.8534
0.8507 0.9218 0.8502
0.8511 0.9219 0.8507
0.8501 0.9212 0.8476
0.8494 0.9203 0.8481
0.8498 0.9204 0.8487
0.8502 0.9206 0.8493
0.8505 0.9208 0.8498
0.8509 0.9210 0.8504
0.8513 0.9211 0.8509
0.8517 0.9213 0.8514
0.8521 0.9215 0.8520
0.8525 0.9216 0.8525
0.8529 0.9218 0.8530
0.8532 0.9220 0.8536
0.8536 0.9222 0.8541
0.8530 0.9213 0.8546
0.8533 0.9215 0.8551
0.8537 0.9217 0.8556
0.8541 0.9219 0.8561
0.8545 0.9220 0.8566
0.8548 0.9222 0.8571
0.8552 0.9224 0.8576
0.8556 0.9225 0.8581
0.8550 0.9218 0.8586
0.8553 0.9219 0.8591
0.8557 0.9221 0.8596
0.8551 0.9214 0.8567
0.8555 0.9215 0.8571
0.8548 0.9208 0.8542
0.8552 0.9209 0.8547
0.8545 0.9201 0.8519
0.8538 0.9192 0.8523
0.8542 0.9194 0.8528
0.8545 0.9195 0.8533
0.8543 0.9193 0.8538
0.8546 0.9194 0.8543
0.8549 0.9195 0.8548
0.8548 0.9193 0.8553
0.8551 0.9195 0.8557
0.8554 0.9196 0.8562
0.8553 0.9194 0.8567
0.8555 0.9195 0.8571
0.8558 0.9196 0.8576
0.8561 0.9198 0.8581
0.8564 0.9199 0.8585
0.8567 0.9200 0.8590
0.8566 0.9199 0.8594
0.8569 0.9200 0.8599
0.8572 0.9201 0.8603
0.8575 0.9203 0.8608
0.8578 0.9204 0.8612
0.8581 0.9205 0.8585
0.8584 0.9206 0.8589
0.8583 0.9205 0.8594
0.8576 0.9199 0.8567
0.8578 0.9201 0.8540
0.8581 0.9201 0.8545
0.8583 0.9202 0.8549
0.8585 0.9203 0.8554
0.8588 0.9203 0.8558
0.8590 0.9204 0.8563
0.8592 0.9205 0.8567
0.8595 0.9206 0.8571
0.8597 0.9206 0.8576
0.8596 0.9205 0.8580
0.8599 0.9206 0.8584
0.8601 0.9207 0.8589
0.8600 0.9205 0.8593
0.8600 0.9204 0.8597
0.8602 0.9205 0.8601
0.8605 0.9206 0.8605
0.8607 0.9207 0.8609
0.8609 0.9207 0.8614
0.8612 0.9208 0.8618
0.8614 0.9209 0.8622
0.8616 0.9210 0.8626
0.8619 0.9211 0.8630
0.8621 0.9212 0.8634
0.8621 0.9211 0.8638
0.8610 0.9213 0.8613
0.8613 0.9214 0.8617
0.8615 0.9215 0.8621
0.8618 0.9216 0.8625
0.8620 0.9217 0.8629
0.8622 0.9218 0.8632
0.8625 0.9219 0.8636
0.8627 0.9220 0.8640
0.8627 0.9219 0.8644
0.8629 0.9219 0.8648
0.8632 0.9220 0.8652
0.8634 0.9221 0.8655
0.8636 0.9222 0.8659
0.8639 0.9223 0.8663
0.8641 0.9224 0.8667
0.8643 0.9225 0.8670
0.8646 0.9226 0.8674
0.8646 0.9225 0.8678
0.8648 0.9226 0.8681
0.8650 0.9227 0.8685
0.8653 0.9228 0.8689
0.8653 0.9228 0.8665
0.8655 0.9229 0.8668
0.8657 0.9230 0.8672
0.8660 0.9231 0.8676
0.8645 0.9224 0.8652
0.8648 0.9225 0.8656
0.8647 0.9223 0.8660
0.8647 0.9222 0.8636
0.8649 0.9223 0.8640
0.8651 0.9224 0.8644
0.8650 0.9222 0.8647
0.8653 0.9223 0.8651
0.8655 0.9224 0.8654
0.8647 0.9217 0.8658
0.8649 0.9218 0.8661
0.8648 0.9217 0.8665
0.8651 0.9218 0.8668
0.8653 0.9219 0.8672
0.8646 0.9213 0.8675
0.8649 0.9214 0.8679
0.8651 0.9215 0.8682
0.8650 0.9213 0.8660
0.8644 0.9209 0.8663
0.8647 0.9210 0.8667
0.8649 0.9211 0.8670
0.8651 0.9212 0.8673
0.8650 0.9210 0.8651
0.8652 0.9211 0.8655
0.8655 0.9212 0.8658
0.8657 0.9213 0.8662
0.8659 0.9214 0.8665
0.8662 0.9215 0.8668
0.8664 0.9216 0.8672
0.8666 0.9217 0.8675
0.8657 0.9219 0.8653
0.8658 0.9220 0.8657
0.8660 0.9220 0.8660
0.8647 0.9214 0.8639
0.8646 0.9213 0.8642
0.8648 0.9213 0.8645
0.8639 0.9209 0.8649
0.8639 0.9208 0.8627
0.8641 0.9209 0.8631
0.8643 0.9210 0.8634
0.8645 0.9210 0.8637
0.8647 0.9211 0.8641
0.8648 0.9212 0.8644
0.8647 0.9210 0.8623
0.8646 0.9208 0.8627
0.8648 0.9209 0.8630
0.8650 0.9210 0.8633
0.8652 0.9210 0.8636
0.8653 0.9211 0.8640
0.8646 0.9205 0.8643
0.8648 0.9206 0.8646
0.8650 0.9207 0.8649
0.8652 0.9208 0.8652
0.8650 0.9206 0.8656
0.8652 0.9206 0.8659
0.8651 0.9204 0.8638
0.8653 0.9205 0.8642
0.8651 0.9203 0.8645
0.8645 0.9198 0.8625
0.8647 0.9199 0.8628
0.8645 0.9196 0.8631
0.8647 0.9197 0.8634
0.8646 0.9195 0.8637
0.8648 0.9196 0.8641
0.8650 0.9197 0.8644
0.8648 0.9195 0.8624
0.8650 0.9195 0.8604
0.8652 0.9196 0.8607
0.8650 0.9194 0.8610
0.8649 0.9191 0.8614
0.8650 0.9192 0.8617
0.8652 0.9193 0.8620
0.8650 0.9190 0.8623
0.8652 0.9191 0.8626
0.8654 0.9192 0.8629
0.8653 0.9190 0.8632
0.8654 0.9190 0.8635
0.8656 0.9191 0.8638
0.8658 0.9192 0.8641
0.8656 0.9190 0.8644
0.8658 0.9191 0.8647
0.8660 0.9191 0.8650
0.8662 0.9192 0.8653
0.8664 0.9193 0.8656
0.8662 0.9191 0.8659
0.8664 0.9192 0.8662
0.8663 0.9190 0.8665
0.8662 0.9188 0.8668
0.8664 0.9189 0.8671
0.8665 0.9190 0.8674
0.8667 0.9190 0.8677
0.8669 0.9191 0.8680
0.8671 0.9192 0.8683
0.8672 0.9193 0.8664
0.8674 0.9193 0.8667
0.8676 0.9194 0.8670
0.8677 0.9195 0.8672
0.8679 0.9195 0.8675
0.8680 0.9196 0.8678
0.8682 0.9197 0.8681
0.8684 0.9197 0.8684
0.8685 0.9198 0.8686
0.8687 0.9199 0.8689
0.8689 0.9200 0.8692
0.8688 0.9198 0.8695
0.8687 0.9196 0.8697
0.8688 0.9197 0.8700
0.8690 0.9198 0.8703
0.8692 0.9198 0.8706
0.8691 0.9197 0.8708
0.8690 0.9195 0.8711
0.8691 0.9196 0.8714
0.8691 0.9195 0.8716
0.8690 0.9193 0.8698
0.8689 0.9192 0.8680
0.8691 0.9192 0.8683
0.8692 0.9193 0.8686
0.8694 0.9194 0.8689
0.8693 0.9192 0.8671
0.8694 0.9193 0.8673
0.8693 0.9190 0.8676
0.8694 0.9191 0.8679
0.8696 0.9192 0.8682
0.8698 0.9193 0.8684
0.8699 0.9193 0.8687
0.8701 0.9194 0.8690
0.8702 0.9195 0.8692
0.8704 0.9196 0.8695
0.8699 0.9193 0.8697
0.8696 0.9190 0.8700
0.8698 0.9191 0.8703
0.8699 0.9192 0.8705
0.8701 0.9192 0.8708
0.8698 0.9190 0.8690
0.8696 0.9186 0.8693
0.8693 0.9183 0.8676
0.8690 0.9180 0.8679
0.8692 0.9181 0.8681
0.8693 0.9181 0.8684
0.8695 0.9182 0.8686
0.8697 0.9183 0.8689
0.8694 0.9180 0.8672
0.8691 0.9176 0.8655
0.8692 0.9177 0.8658
0.8694 0.9178 0.8660
0.8696 0.9178 0.8663
0.8697 0.9179 0.8665
0.8694 0.9175 0.8649
0.8687 0.9169 0.8632
0.8688 0.9170 0.8635
0.8690 0.9171 0.8637
0.8687 0.9167 0.8640
0.8688 0.9168 0.8642
0.8684 0.9166 0.8626
0.8686 0.9167 0.8629
0.8688 0.9168 0.8631
0.8689 0.9169 0.8634
0.8691 0.9170 0.8636
0.8692 0.9171 0.8639
0.8689 0.9167 0.8623
0.8691 0.9167 0.8625
0.8692 0.9168 0.8628
0.8694 0.9169 0.8630
0.8688 0.9165 0.8633
0.8685 0.9161 0.8636
0.8686 0.9162 0.8638
0.8688 0.9163 0.8641
0.8690 0.9164 0.8643
0.8686 0.9160 0.8646
0.8688 0.9161 0.8648
0.8690 0.9162 0.8651
0.8691 0.9163 0.8653
0.8688 0.9159 0.8656
0.8690 0.9160 0.8658
0.8691 0.9161 0.8661
0.8693 0.9162 0.8663
0.8694 0.9163 0.8665
0.8696 0.9163 0.8668
0.8698 0.9164 0.8670
0.8699 0.9165 0.8673
0.8701 0.9166 0.8657
0.8698 0.9163 0.8641
0.8699 0.9163 0.8644
0.8696 0.9159 0.8646
0.8698 0.9160 0.8649
0.8694 0.9156 0.8651
0.8696 0.9157 0.8654
0.8697 0.9158 0.8656
0.8699 0.9159 0.8640
0.8691 0.9152 0.8643
0.8688 0.9149 0.8627
0.8690 0.9149 0.8630
0.8691 0.9150 0.8632
0.8693 0.9151 0.8635
0.8688 0.9148 0.8637
0.8690 0.9149 0.8640
0.8683 0.9143 0.8624
0.8680 0.9139 0.8609
0.8677 0.9135 0.8612
0.8669 0.9128 0.8614
0.8671 0.9129 0.8616
0.8668 0.9125 0.8619
0.8664 0.9122 0.8621
0.8666 0.9122 0.8624
0.8667 0.9123 0.8626
0.8661 0.9117 0.8611
0.8662 0.9118 0.8614
0.8664 0.9119 0.8616
0.8665 0.9120 0.8618
0.8667 0.9120 0.8621
0.8668 0.9121 0.8623
0.8665 0.9118 0.8625
0.8667 0.9118 0.8611
0.8664 0.9115 0.8613
0.8665 0.9116 0.8615
0.8666 0.9116 0.8618
0.8668 0.9117 0.8620
0.8665 0.9114 0.8622
0.8661 0.9111 0.8625
0.8663 0.9112 0.8627
0.8660 0.9109 0.8613
0.8661 0.9110 0.8615
0.8659 0.9106 0.8617
0.8660 0.9107 0.8620
0.8661 0.9108 0.8622
0.8663 0.9108 0.8624
0.8664 0.9109 0.8626
0.8665 0.9110 0.8629
0.8667 0.9111 0.8631
0.8669 0.9112 0.8633
0.8670 0.9113 0.8636
0.8672 0.9114 0.8638
0.8674 0.9115 0.8640
0.8672 0.9112 0.8626
0.8673 0.9113 0.8628
0.8675 0.9115 0.8630
0.8672 0.9112 0.8616
0.8674 0.9113 0.8618
0.8676 0.9114 0.8621
0.8673 0.9111 0.8623
0.8675 0.9112 0.8625
0.8677 0.9113 0.8627
0.8678 0.9114 0.8630
0.8680 0.9115 0.8632
0.8677 0.9112 0.8618
0.8679 0.9113 0.8620
0.8676 0.9110 0.8606
0.8678 0.9111 0.8608
0.8680 0.9112 0.8611
0.8682 0.9113 0.8613
0.8679 0.9110 0.8615
0.8680 0.9111 0.8617
0.8682 0.9112 0.8620
0.8684 0.9113 0.8622
0.8685 0.9115 0.8624
0.8687 0.9116 0.8626
0.8689 0.9117 0.8628
0.8690 0.9118 0.8631
0.8688 0.9115 0.8633
0.8689 0.9116 0.8635
0.8691 0.9117 0.8637
0.8693 0.9118 0.8639
0.8694 0.9119 0.8641
0.8696 0.9120 0.8644
0.8698 0.9121 0.8646
0.8695 0.9118 0.8648
0.8692 0.9115 0.8634
0.8694 0.9116 0.8636
0.8696 0.9117 0.8638
0.8697 0.9118 0.8641
0.8699 0.9119 0.8643
0.8701 0.9120 0.8645
0.8698 0.9117 0.8647
0.8693 0.9114 0.8649
0.8695 0.9115 0.8651
0.8696 0.9116 0.8653
0.8698 0.9117 0.8655
0.8695 0.9114 0.8642
0.8692 0.9111 0.8644
0.8694 0.9112 0.8646
0.8691 0.9109 0.8648
0.8693 0.9110 0.8650
0.8695 0.9111 0.8652
0.8692 0.9108 0.8639
0.8694 0.9109 0.8641
0.8695 0.9110 0.8643
0.8697 0.9111 0.8645
0.8698 0.9112 0.8647
0.8696 0.9109 0.8649
0.8693 0.9106 0.8636
0.8695 0.9107 0.8638
0.8692 0.9104 0.8640
0.8689 0.9101 0.8643
0.8685 0.9098 0.8645
0.8687 0.9099 0.8647
0.8688 0.9100 0.8649
0.8690 0.9102 0.8651
0.8692 0.9103 0.8638
0.8693 0.9104 0.8640
0.8690 0.9102 0.8642
0.8687 0.9099 0.8629
0.8689 0.9100 0.8631
0.8686 0.9096 0.8618
0.8688 0.9097 0.8620
0.8685 0.9094 0.8622
0.8682 0.9091 0.8624
0.8683 0.9092 0.8626
0.8685 0.9093 0.8628
0.8682 0.9089 0.8616
0.8684 0.9090 0.8618
0.8685 0.9091 0.8620
0.8687 0.9092 0.8622
0.8688 0.9094 0.8624
0.8685 0.9090 0.8611
0.8682 0.9087 0.8613
0.8679 0.9083 0.8615
0.8676 0.9080 0.8617
0.8678 0.9081 0.8619
0.8675 0.9078 0.8621
0.8677 0.9079 0.8623
0.8672 0.9075 0.8625
0.8673 0.9076 0.8627
0.8671 0.9072 0.8615
0.8672 0.9073 0.8617
0.8674 0.9074 0.8619
0.8671 0.9071 0.8621
0.8672 0.9072 0.8623
0.8669 0.9069 0.8625
0.8667 0.9066 0.8627
0.8668 0.9067 0.8629
0.8665 0.9065 0.8631
0.8662 0.9062 0.8632
0.8664 0.9063 0.8634
0.8665 0.9064 0.8636
0.8663 0.9062 0.8638
0.8664 0.9063 0.8640
0.8666 0.9064 0.8642
0.8667 0.9065 0.8644
0.8669 0.9066 0.8646
0.8666 0.9064 0.8634
0.8668 0.9065 0.8636
0.8669 0.9066 0.8638
0.8671 0.9067 0.8640
0.8672 0.9068 0.8641
0.8670 0.9065 0.8629
0.8671 0.9066 0.8631
0.8673 0.9067 0.8633
0.8674 0.9068 0.8635
0.8672 0.9065 0.8637
0.8669 0.9062 0.8639
0.8671 0.9063 0.8641
0.8672 0.9064 0.8643
0.8674 0.9065 0.8645
0.8671 0.9062 0.8646
0.8673 0.9063 0.8648
0.8670 0.9061 0.8650
0.8672 0.9062 0.8652
0.8669 0.9059 0.8654
0.8671 0.9060 0.8656
0.8668 0.9057 0.8644
0.8670 0.9058 0.8646
0.8671 0.9059 0.8648
0.8673 0.9061 0.8649
0.8674 0.9062 0.8651
0.8676 0.9063 0.8653
0.8677 0.9064 0.8655
0.8679 0.9065 0.8657
0.8680 0.9066 0.8659
0.8682 0.9067 0.8660
0.8683 0.9068 0.8662
0.8685 0.9069 0.8664
0.8686 0.9070 0.8666
0.8688 0.9071 0.8668
0.8685 0.9068 0.8669
0.8687 0.9069 0.8671
0.8688 0.9070 0.8673
0.8690 0.9071 0.8675
0.8688 0.9069 0.8663
0.8685 0.9066 0.8665
0.8681 0.9062 0.8653
0.8678 0.9059 0.8655
0.8676 0.9056 0.8644
0.8677 0.9058 0.8645
0.8675 0.9055 0.8634
0.8676 0.9056 0.8636
0.8678 0.9057 0.8638
0.8679 0.9058 0.8639
0.8681 0.9059 0.8641
0.8682 0.9060 0.8643
0.8680 0.9057 0.8632
0.8681 0.9058 0.8633
0.8683 0.9059 0.8635
0.8684 0.9060 0.8637
0.8685 0.9061 0.8639
0.8687 0.9062 0.8641
0.8682 0.9058 0.8642
0.8684 0.9059 0.8644
0.8685 0.9060 0.8646
0.8687 0.9061 0.8648
0.8688 0.9062 0.8649
0.8685 0.9059 0.8651
0.8683 0.9056 0.8653
0.8684 0.9057 0.8655
0.8686 0.9058 0.8656
0.8687 0.9059 0.8658
0.8683 0.9055 0.8647
0.8684 0.9056 0.8649
0.8686 0.9057 0.8650
0.8683 0.9054 0.8652
0.8685 0.9055 0.8654
0.86